{
 "cells": [
  {
   "cell_type": "code",
   "execution_count": 2,
   "id": "5e97b6a3",
   "metadata": {},
   "outputs": [
    {
     "name": "stdout",
     "output_type": "stream",
     "text": [
      "Jupyter environment detected. Enabling Open3D WebVisualizer.\n",
      "[Open3D INFO] WebRTC GUI backend enabled.\n",
      "[Open3D INFO] WebRTCWindowSystem: HTTP handshake server disabled.\n"
     ]
    }
   ],
   "source": [
    "import struct\n",
    "import os\n",
    "from typing import Dict, List, Tuple\n",
    "import glob\n",
    "import shutil\n",
    "import cv2\n",
    "import numpy as np\n",
    "from scipy.spatial.transform import Rotation\n",
    "from pyquaternion import Quaternion\n",
    "import open3d as o3d"
   ]
  },
  {
   "cell_type": "code",
   "execution_count": 67,
   "id": "e8fbbb28",
   "metadata": {},
   "outputs": [
    {
     "name": "stdout",
     "output_type": "stream",
     "text": [
      "000.txt\n"
     ]
    }
   ],
   "source": [
    "extrinsics = glob.glob('003_ref/extrinsics/*.txt')\n",
    "lidar_pose = glob.glob('003_ref/lidar_pose/*.txt')\n",
    "print(os.path.split(lidar_pose[0])[1])\n",
    "\n",
    "lidar2world_first = np.loadtxt(lidar_pose[0])\n",
    "\n",
    "for ext, lidar in zip(extrinsics, lidar_pose):\n",
    "    cam2world = np.loadtxt(ext)\n",
    "    lidar2world = np.loadtxt(lidar)\n",
    "    fname_ext = os.path.split(ext)[1]\n",
    "    fname_lidar = os.path.split(lidar)[1]\n",
    "\n",
    "    cam2world_rev = np.linalg.inv(lidar2world_first) @ cam2world\n",
    "    lidar2world_rev = np.linalg.inv(lidar2world_first) @ lidar2world    \n",
    "    \n",
    "    np.savetxt('003_ref/extrinsics_out/'+fname_ext, cam2world_rev) \n",
    "    np.savetxt('003_ref/lidar_pose_out/'+fname_lidar, lidar2world_rev)"
   ]
  },
  {
   "cell_type": "code",
   "execution_count": 61,
   "id": "5ccf14a3",
   "metadata": {},
   "outputs": [
    {
     "name": "stdout",
     "output_type": "stream",
     "text": [
      "[[ 0.9998968428 -0.0094505834 -0.0108162013 -0.0040958697]\n",
      " [ 0.011316328   0.0545757846  0.998445504   0.8425953047]\n",
      " [-0.0088455898 -0.9984649068  0.0546771006 -0.306561936 ]\n",
      " [ 0.            0.            0.            1.          ]]\n",
      "[[ 1.0000000000e+00  5.1485640415e-18 -8.0198165577e-18  0.0000000000e+00]\n",
      " [-2.1252152915e-18  1.0000000000e+00  8.0220875043e-18 -2.2737367544e-13]\n",
      " [-2.1544619364e-18  8.8601659071e-18  1.0000000000e+00  0.0000000000e+00]\n",
      " [ 0.0000000000e+00  0.0000000000e+00  0.0000000000e+00  1.0000000000e+00]]\n"
     ]
    }
   ],
   "source": [
    "cam2world = np.loadtxt(extrinsics[0])\n",
    "lidar2world = np.loadtxt(lidar_pose[0])\n",
    "ext\n",
    "\n",
    "# Align camera poses with the Lidar pose\n",
    "cam2world_rev = np.linalg.inv(lidar2world) @ cam2world\n",
    "\n",
    "print(cam2world_rev)\n",
    "\n",
    "lidar2world_rev = np.linalg.inv(lidar2world) @ lidar2world\n",
    "\n",
    "print(lidar2world_rev)"
   ]
  },
  {
   "cell_type": "code",
   "execution_count": 60,
   "id": "3ffb8ea2",
   "metadata": {},
   "outputs": [
    {
     "data": {
      "text/plain": [
       "array([[ 1.0000000000e+00,  5.1485640415e-18, -8.0198165577e-18,\n",
       "         0.0000000000e+00],\n",
       "       [-2.1252152915e-18,  1.0000000000e+00,  8.0220875043e-18,\n",
       "        -2.2737367544e-13],\n",
       "       [-2.1544619364e-18,  8.8601659071e-18,  1.0000000000e+00,\n",
       "         0.0000000000e+00],\n",
       "       [ 0.0000000000e+00,  0.0000000000e+00,  0.0000000000e+00,\n",
       "         1.0000000000e+00]])"
      ]
     },
     "execution_count": 60,
     "metadata": {},
     "output_type": "execute_result"
    }
   ],
   "source": []
  },
  {
   "cell_type": "code",
   "execution_count": null,
   "id": "51c84206",
   "metadata": {},
   "outputs": [],
   "source": []
  },
  {
   "cell_type": "code",
   "execution_count": 48,
   "id": "35539216",
   "metadata": {},
   "outputs": [],
   "source": [
    "extrinsics_cam_to_world = ext"
   ]
  },
  {
   "cell_type": "code",
   "execution_count": 56,
   "id": "7fcc2203",
   "metadata": {},
   "outputs": [
    {
     "data": {
      "text/plain": [
       "array([[ 3.3149733422e-02,  6.7805330965e-03,  9.9942739583e-01,\n",
       "         1.7738672888e+03],\n",
       "       [-9.9931020751e-01, -1.6523259715e-02,  3.3257947134e-02,\n",
       "         8.6639038182e+02],\n",
       "       [ 1.6739305039e-02, -9.9984049041e-01,  6.2281142809e-03,\n",
       "         1.4906432973e+00],\n",
       "       [ 0.0000000000e+00,  0.0000000000e+00,  0.0000000000e+00,\n",
       "         1.0000000000e+00]])"
      ]
     },
     "execution_count": 56,
     "metadata": {},
     "output_type": "execute_result"
    }
   ],
   "source": [
    "extrinsics_cam_to_world"
   ]
  },
  {
   "cell_type": "code",
   "execution_count": 57,
   "id": "7739d386",
   "metadata": {},
   "outputs": [
    {
     "data": {
      "text/plain": [
       "array([[ 2.2631748905e-02,  9.9858781317e-01,  4.8064366598e-02,\n",
       "         1.7734128464e+03],\n",
       "       [-9.9941132647e-01,  2.1358142182e-02,  2.6848282630e-02,\n",
       "         8.6638416215e+02],\n",
       "       [ 2.5783802263e-02, -4.8643695968e-02,  9.9848334307e-01,\n",
       "         1.8370130728e+00],\n",
       "       [ 0.0000000000e+00,  0.0000000000e+00,  0.0000000000e+00,\n",
       "         1.0000000000e+00]])"
      ]
     },
     "execution_count": 57,
     "metadata": {},
     "output_type": "execute_result"
    }
   ],
   "source": [
    "lidar"
   ]
  },
  {
   "cell_type": "code",
   "execution_count": null,
   "id": "1ba19687",
   "metadata": {},
   "outputs": [],
   "source": []
  },
  {
   "cell_type": "code",
   "execution_count": null,
   "id": "ea35c82c",
   "metadata": {},
   "outputs": [],
   "source": []
  },
  {
   "cell_type": "raw",
   "id": "3a6abf97",
   "metadata": {},
   "source": [
    "処理後の情報\n",
    "intrinsics\n",
    "1.252813102118530423e+03\n",
    "1.252813102118530423e+03\n",
    "8.265881147813979624e+02\n",
    "4.699846626224580746e+02\n",
    "0.000000000000000000e+00\n",
    "0.000000000000000000e+00\n",
    "0.000000000000000000e+00\n",
    "0.000000000000000000e+00\n",
    "0.000000000000000000e+00\n",
    "\n",
    "extrincs\n",
    "3.350460378883583779e-02 6.294246871037580474e-03 9.994187430608250100e-01 1.774239424417318560e+03\n",
    "-9.993040231638292692e-01 -1.619641054436113392e-02 3.360276140532689887e-02 8.663980212126875813e+02\n",
    "1.639850034417621866e-02 -9.998490179731162053e-01 5.747211902924031883e-03 1.489823529140015701e+00\n",
    "0.000000000000000000e+00 0.000000000000000000e+00 0.000000000000000000e+00 1.000000000000000000e+00"
   ]
  },
  {
   "cell_type": "code",
   "execution_count": 36,
   "id": "2328a960",
   "metadata": {
    "scrolled": true
   },
   "outputs": [
    {
     "name": "stdout",
     "output_type": "stream",
     "text": [
      "[[ 3.3149733422e-02  6.7805330965e-03  9.9942739583e-01  1.7738672888e+03]\n",
      " [-9.9931020751e-01 -1.6523259715e-02  3.3257947134e-02  8.6639038182e+02]\n",
      " [ 1.6739305039e-02 -9.9984049041e-01  6.2281142809e-03  1.4906432973e+00]\n",
      " [ 0.0000000000e+00  0.0000000000e+00  0.0000000000e+00  1.0000000000e+00]]\n",
      "[[ 2.2631748905e-02  9.9858781317e-01  4.8064366598e-02  1.7734128464e+03]\n",
      " [-9.9941132647e-01  2.1358142182e-02  2.6848282630e-02  8.6638416215e+02]\n",
      " [ 2.5783802263e-02 -4.8643695968e-02  9.9848334307e-01  1.8370130728e+00]\n",
      " [ 0.0000000000e+00  0.0000000000e+00  0.0000000000e+00  1.0000000000e+00]]\n",
      "[[ 0.9999037794 -0.0091127013 -0.0104589947 -0.0048619201]\n",
      " [ 0.0109452486  0.0550539884  0.9984233871  0.4707821621]\n",
      " [-0.0085225247 -0.9984417945  0.0551484319 -0.3238349789]\n",
      " [ 0.            0.            0.            1.          ]]\n",
      "[[ 1.0000000000e+00  5.1485640415e-18 -8.0198165577e-18  0.0000000000e+00]\n",
      " [-2.1252152915e-18  1.0000000000e+00  8.0220875043e-18 -2.2737367544e-13]\n",
      " [-2.1544619364e-18  8.8601659071e-18  1.0000000000e+00  0.0000000000e+00]\n",
      " [ 0.0000000000e+00  0.0000000000e+00  0.0000000000e+00  1.0000000000e+00]]\n"
     ]
    }
   ],
   "source": [
    "sensor_rotation = np.array([0.5077241387638071,-0.4973392230703816,0.49837167536166627,-0.4964832014373754]) \n",
    "sensor_translation = np.array([1.72200568478,0.00475453292289,1.49491291905])\n",
    "egopose_rotation = np.array([0.9998289065303745,-0.014506321955909566,0.0008505070625267849,0.011445563652516049])\n",
    "egopose_translation = np.array([1772.1437996767368,866.3028680604585,0.0])\n",
    "\n",
    "# Extrinsics (camera to ego)\n",
    "extrinsics_cam_to_ego = np.eye(4)\n",
    "extrinsics_cam_to_ego[:3, :3] = Quaternion(sensor_rotation).rotation_matrix\n",
    "extrinsics_cam_to_ego[:3, 3] = np.array(sensor_translation)\n",
    "\n",
    "# Get ego pose (ego to world)\n",
    "ego_to_world = np.eye(4)\n",
    "ego_to_world[:3, :3] = Quaternion(egopose_rotation).rotation_matrix\n",
    "ego_to_world[:3, 3] = np.array(egopose_translation)\n",
    "\n",
    "# Transform camera extrinsics to world coordinates\n",
    "extrinsics_cam_to_world = ego_to_world @ extrinsics_cam_to_ego\n",
    "\n",
    "print(extrinsics_cam_to_world)\n",
    "\n",
    "\n",
    "#Lidar_rotation \n",
    "sensor_rotation2 = np.array([0.706749235646644,-0.015300993788500868,0.01739745181256607,-0.7070846669051719]) \n",
    "sensor_translation2 = np.array([0.985793,0.0,1.84019])\n",
    "egopose_rotation2 = np.array([0.999828997584073,-0.014381919639738132,0.0010568476587383669,0.011576659731141147])\n",
    "egopose_translation2 = np.array([1772.4240436762457,866.3084047285619,0.0])\n",
    "\n",
    "# Extrinsics (Lidar to ego)\n",
    "extrinsics_cam_to_ego2 = np.eye(4)\n",
    "extrinsics_cam_to_ego2[:3, :3] = Quaternion(sensor_rotation2).rotation_matrix\n",
    "extrinsics_cam_to_ego2[:3, 3] = np.array(sensor_translation2)\n",
    "\n",
    "# Get ego pose (ego to world)\n",
    "ego_to_world2 = np.eye(4)\n",
    "ego_to_world2[:3, :3] = Quaternion(egopose_rotation2).rotation_matrix\n",
    "ego_to_world2[:3, 3] = np.array(egopose_translation2)\n",
    "\n",
    "# Transform camera extrinsics to world coordinates\n",
    "extrinsics_lidar_to_world = ego_to_world2 @ extrinsics_cam_to_ego2\n",
    "\n",
    "print(extrinsics_lidar_to_world)\n",
    "\n",
    "# Align camera poses with the Lidar pose\n",
    "cam2world = np.linalg.inv(extrinsics_lidar_to_world) @ extrinsics_cam_to_world\n",
    "\n",
    "print(cam2world)\n",
    "\n",
    "lidar2world = np.linalg.inv(extrinsics_lidar_to_world) @ extrinsics_cam_to_world2\n",
    "\n",
    "print(lidar2world)"
   ]
  },
  {
   "cell_type": "code",
   "execution_count": 34,
   "id": "4ad79f7e",
   "metadata": {},
   "outputs": [
    {
     "name": "stdout",
     "output_type": "stream",
     "text": [
      "[[ 1.0000000000e+00  5.3077158453e-18  4.5103715029e-18  1.1368683772e-13]\n",
      " [ 2.2947176869e-19  1.0000000000e+00 -3.9455863103e-19  1.3322676296e-15]\n",
      " [-5.1465394671e-18 -2.1464425751e-19  1.0000000000e+00 -2.2737367544e-13]\n",
      " [ 0.0000000000e+00  0.0000000000e+00  0.0000000000e+00  1.0000000000e+00]]\n"
     ]
    }
   ],
   "source": []
  },
  {
   "cell_type": "raw",
   "id": "c011cbe5",
   "metadata": {},
   "source": [
    "nuscenes003の情報\n",
    "最初の画像: n008-2018-08-27-11-48-51-0400__CAM_FRONT__1535385092112404.jpg\n",
    "CAM_FRONT\n",
    "\n",
    "calibrated_sensor\n",
    "{\n",
    "\"token\": \"da8dac846b474a8a9a95cd4d929b6097\",\n",
    "\"sensor_token\": \"725903f5b62f56118f4094b46a4470d8\",\n",
    "\"translation\": [\n",
    "1.72200568478,\n",
    "0.00475453292289,\n",
    "1.49491291905\n",
    "],\n",
    "\"rotation\": [\n",
    "0.5077241387638071,\n",
    "-0.4973392230703816,\n",
    "0.49837167536166627,\n",
    "-0.4964832014373754\n",
    "],\n",
    "\"camera_intrinsic\": [\n",
    "[\n",
    "1252.8131021185304,\n",
    "0.0,\n",
    "826.588114781398\n",
    "],\n",
    "[\n",
    "0.0,\n",
    "1252.8131021185304,\n",
    "469.9846626224581\n",
    "],\n",
    "[\n",
    "0.0,\n",
    "0.0,\n",
    "1.0\n",
    "]\n",
    "]\n",
    "},\n",
    "\n",
    "egopose\n",
    "{\n",
    "\"token\": \"be95ce80ec624f81ba6737eb67241215\",\n",
    "\"timestamp\": 1535385092112404,\n",
    "\"rotation\": [\n",
    "0.9998289065303745,\n",
    "-0.014506321955909566,\n",
    "0.0008505070625267849,\n",
    "0.011445563652516049\n",
    "],\n",
    "\"translation\": [\n",
    "1772.1437996767368,\n",
    "866.3028680604585,\n",
    "0.0\n",
    "]\n",
    "},\n",
    "\n",
    "LIDAR_TOP(calibrated_sensor)\n",
    "{\n",
    "\"token\": \"f59d93392f584e5ebd1aa0ffa4f7d02d\",\n",
    "\"sensor_token\": \"dc8b396651c05aedbb9cdaae573bb567\",\n",
    "\"translation\": [\n",
    "0.985793,\n",
    "0.0,\n",
    "1.84019\n",
    "],\n",
    "\"rotation\": [\n",
    "0.706749235646644,\n",
    "-0.015300993788500868,\n",
    "0.01739745181256607,\n",
    "-0.7070846669051719\n",
    "],\n",
    "\"camera_intrinsic\": []\n",
    "},\n",
    "\n",
    "egopose\n",
    "{\n",
    "\"token\": \"603a96c23db34acf8b5953d958df293d\",\n",
    "\"timestamp\": 1535385092150099,\n",
    "\"rotation\": [\n",
    "0.999828997584073,\n",
    "-0.014381919639738132,\n",
    "0.0010568476587383669,\n",
    "0.011576659731141147\n",
    "],\n",
    "\"translation\": [\n",
    "1772.4240436762457,\n",
    "866.3084047285619,\n",
    "0.0\n",
    "]\n",
    "},"
   ]
  },
  {
   "cell_type": "code",
   "execution_count": null,
   "id": "fefb7491",
   "metadata": {},
   "outputs": [],
   "source": []
  },
  {
   "cell_type": "code",
   "execution_count": null,
   "id": "cacf8db5",
   "metadata": {},
   "outputs": [],
   "source": []
  },
  {
   "cell_type": "raw",
   "id": "5267af9c",
   "metadata": {},
   "source": [
    "images.txt\n",
    "1 0.014406197300745461 -0.0015940703021185547 0.99712831150560799 0.074330685542238983 0.36718918396685335 -0.5137767828369697 5.1558036640144138 13 device_1_still.png\n",
    "\n",
    "1 0.99491011748301605 0.031346092655298766 0.086173827624140553 0.041777410616044841 1.1512940951047796 0.049288999961785603 6.8267934938595047 1 n008-2018-08-01-15-16-36-0400__CAM_FRONT__1533151603612404.jpg"
   ]
  },
  {
   "cell_type": "code",
   "execution_count": 94,
   "id": "98fe58c2",
   "metadata": {},
   "outputs": [
    {
     "name": "stdout",
     "output_type": "stream",
     "text": [
      "[[-9.99579841e-01 -1.03734021e-03 -2.89666311e-02  5.15848207e-01]\n",
      " [-5.32063030e-03  9.88944816e-01  1.48188533e-01 -2.53980417e-01]\n",
      " [ 2.84926777e-02  1.48280391e-01 -9.88534821e-01  5.16241227e+00]\n",
      " [ 0.00000000e+00  0.00000000e+00  0.00000000e+00  1.00000000e+00]]\n"
     ]
    }
   ],
   "source": [
    "rotation = np.array([-0.0015940703021185547,0.99712831150560799,0.074330685542238983,0.014406197300745461]) #XYZW\n",
    "translation = [0.36718918396685335,-0.5137767828369697,5.1558036640144138]\n",
    "\n",
    "# Extrinsics (camera to ego)\n",
    "extrinsics_cam_to_ego = np.eye(4)\n",
    "\n",
    "#extrinsics_cam_to_ego[:3, :3] = Quaternion(rotation).rotation_matrix\n",
    "#extrinsics_cam_to_ego[:3, 3] = np.array(translation)\n",
    "extrinsics_cam_to_ego[:3, :3] = Rotation.from_quat(rotation).as_matrix()\n",
    "extrinsics_cam_to_ego[:3, 3] = np.array(translation)\n",
    "\n",
    "#extrincs_cam_to_world = extrinsics_cam_to_ego\n",
    "extrincs_cam_to_world = np.linalg.inv(extrinsics_cam_to_ego) # colmapのカメラ座標系を世界座標に変換\n",
    "\n",
    "print(extrincs_cam_to_world)"
   ]
  },
  {
   "cell_type": "code",
   "execution_count": 95,
   "id": "48721b50",
   "metadata": {},
   "outputs": [
    {
     "data": {
      "text/plain": [
       "array([[-0.99957984, -0.00532063,  0.02849268],\n",
       "       [-0.00103734,  0.98894482,  0.14828039],\n",
       "       [-0.02896663,  0.14818853, -0.98853482]])"
      ]
     },
     "execution_count": 95,
     "metadata": {},
     "output_type": "execute_result"
    }
   ],
   "source": [
    "Rotation.from_quat(rotation).as_matrix()"
   ]
  },
  {
   "cell_type": "code",
   "execution_count": 96,
   "id": "a3dede8a",
   "metadata": {},
   "outputs": [
    {
     "data": {
      "text/plain": [
       "array([[-0.99957984, -0.00103734, -0.02896663],\n",
       "       [-0.00532063,  0.98894482,  0.14818853],\n",
       "       [ 0.02849268,  0.14828039, -0.98853482]])"
      ]
     },
     "execution_count": 96,
     "metadata": {},
     "output_type": "execute_result"
    }
   ],
   "source": [
    "np.linalg.inv(Rotation.from_quat(rotation).as_matrix())"
   ]
  },
  {
   "cell_type": "code",
   "execution_count": 97,
   "id": "ab502631",
   "metadata": {},
   "outputs": [
    {
     "data": {
      "text/plain": [
       "array([ 0.51584821, -0.25398042,  5.16241227])"
      ]
     },
     "execution_count": 97,
     "metadata": {},
     "output_type": "execute_result"
    }
   ],
   "source": [
    "-np.linalg.inv(Rotation.from_quat(rotation).as_matrix()) @ translation"
   ]
  },
  {
   "cell_type": "code",
   "execution_count": 33,
   "id": "0a50814b",
   "metadata": {},
   "outputs": [
    {
     "data": {
      "text/plain": [
       "[0.36718918396685335, -0.5137767828369697, 5.155803664014414]"
      ]
     },
     "execution_count": 33,
     "metadata": {},
     "output_type": "execute_result"
    }
   ],
   "source": []
  },
  {
   "cell_type": "code",
   "execution_count": 34,
   "id": "2d37ac64",
   "metadata": {},
   "outputs": [
    {
     "data": {
      "text/plain": [
       "-0.5158482016395596"
      ]
     },
     "execution_count": 34,
     "metadata": {},
     "output_type": "execute_result"
    }
   ],
   "source": [
    "-0.99957984*0.36718918396685335 -0.00103734*-0.5137767828369697 -0.02896663*5.155803664014414"
   ]
  },
  {
   "cell_type": "code",
   "execution_count": 93,
   "id": "da593c3e",
   "metadata": {},
   "outputs": [
    {
     "data": {
      "text/plain": [
       "array([1., 1., 1.])"
      ]
     },
     "execution_count": 93,
     "metadata": {},
     "output_type": "execute_result"
    }
   ],
   "source": [
    "rotation = np.array([0.,0.,0.,1.]) #XYZW\n",
    "#rotation = np.array([0, 0.3826834, 0, 0.9238795 ]) #XYZW\n",
    "translation = [1.,1.,1.]\n",
    "Rotation.from_quat(rotation).as_matrix()\n",
    "np.linalg.inv(Rotation.from_quat(rotation).as_matrix())\n",
    "np.linalg.inv(Rotation.from_quat(rotation).as_matrix()) @ translation"
   ]
  },
  {
   "cell_type": "code",
   "execution_count": null,
   "id": "943da939",
   "metadata": {},
   "outputs": [],
   "source": []
  },
  {
   "cell_type": "code",
   "execution_count": null,
   "id": "9010a288",
   "metadata": {},
   "outputs": [],
   "source": []
  },
  {
   "cell_type": "code",
   "execution_count": null,
   "id": "3978b4f2",
   "metadata": {},
   "outputs": [],
   "source": []
  },
  {
   "cell_type": "code",
   "execution_count": 2,
   "id": "847fe622",
   "metadata": {},
   "outputs": [],
   "source": [
    "import math\n",
    "\n",
    "def quaternion_to_euler(w, x, y, z):\n",
    "    t0 = +2.0 * (w * x + y * z)\n",
    "    t1 = +1.0 - 2.0 * (x * x + y * y)\n",
    "    roll_x = math.atan2(t0, t1)\n",
    "\n",
    "    t2 = +2.0 * (w * y - z * x)\n",
    "    t2 = +1.0 if t2 > +1.0 else t2\n",
    "    t2 = -1.0 if t2 < -1.0 else t2\n",
    "    pitch_y = math.asin(t2)\n",
    "\n",
    "    t3 = +2.0 * (w * z + x * y)\n",
    "    t4 = +1.0 - 2.0 * (y * y + z * z)\n",
    "    yaw_z = math.atan2(t3, t4)\n",
    "\n",
    "    deg = math.degrees\n",
    "    return deg(roll_x), deg(pitch_y), deg(yaw_z)"
   ]
  },
  {
   "cell_type": "code",
   "execution_count": 6,
   "id": "c720aec9",
   "metadata": {},
   "outputs": [
    {
     "name": "stdout",
     "output_type": "stream",
     "text": [
      "PINHOLE\n",
      "['1', 'PINHOLE', '1600', '900', '1244.2634784022885', '1237.9839176673393', '826.58811478139796', '469.98466262245807']\n"
     ]
    }
   ],
   "source": [
    "dic_cameras = {}\n",
    "\n",
    "with open(\"CAM_FRONT/sparse/0/cameras.txt\") as f:\n",
    "    for line in f:\n",
    "        if line[0] != \"#\":\n",
    "            info_list = line.strip().split(\" \")\n",
    "            print(info_list[1])\n",
    "            \n",
    "            dic_cameras[line[0]] = [float(info_list[4]),float(info_list[5]),float(info_list[6]),float(info_list[7]),0.,0.,0.,0.] "
   ]
  },
  {
   "cell_type": "code",
   "execution_count": 7,
   "id": "d6017e0e",
   "metadata": {},
   "outputs": [
    {
     "data": {
      "text/plain": [
       "[1244.2634784022885,\n",
       " 1237.9839176673393,\n",
       " 826.588114781398,\n",
       " 469.9846626224581,\n",
       " 0.0,\n",
       " 0.0,\n",
       " 0.0,\n",
       " 0.0]"
      ]
     },
     "execution_count": 7,
     "metadata": {},
     "output_type": "execute_result"
    }
   ],
   "source": [
    "dic_cameras['1']"
   ]
  },
  {
   "cell_type": "code",
   "execution_count": 8,
   "id": "8674fdc9",
   "metadata": {},
   "outputs": [
    {
     "data": {
      "text/plain": [
       "['1',\n",
       " 'PINHOLE',\n",
       " '1600',\n",
       " '900',\n",
       " '1244.2634784022885',\n",
       " '1237.9839176673393',\n",
       " '826.58811478139796',\n",
       " '469.98466262245807']"
      ]
     },
     "execution_count": 8,
     "metadata": {},
     "output_type": "execute_result"
    }
   ],
   "source": [
    "info_list"
   ]
  },
  {
   "cell_type": "code",
   "execution_count": 20,
   "id": "b993007b",
   "metadata": {},
   "outputs": [
    {
     "name": "stdout",
     "output_type": "stream",
     "text": [
      "['1', '0.99491011748301605', '0.031346092655298766', '0.086173827624140553', '0.041777410616044841', '1.1512940951047796', '0.049288999961785603', '6.8267934938595047', '1', 'n008-2018-08-01-15-16-36-0400__CAM_FRONT__1533151603612404.jpg\\n']\n",
      "[[ 0.98165744  0.08853196 -0.16885131  0.01817295]\n",
      " [-0.07772711  0.99454414  0.06957333 -0.43449607]\n",
      " [ 0.17408954 -0.05517285  0.98318299 -6.90969607]\n",
      " [ 0.          0.          0.          1.        ]]\n",
      "[[ 0.98190888  0.08809545 -0.16761306  0.01083775]\n",
      " [-0.07746846  0.99460912  0.06892996 -0.43078239]\n",
      " [ 0.17278189 -0.05469821  0.98344015 -6.86005954]\n",
      " [ 0.          0.          0.          1.        ]]\n",
      "[[ 9.82411742e-01  8.88601121e-02 -1.64228652e-01 -3.57427948e-03]\n",
      " [-7.84966373e-02  9.94553809e-01  6.85638269e-02 -4.23598306e-01]\n",
      " [ 1.69426820e-01 -5.44665117e-02  9.84036560e-01 -6.76114565e+00]\n",
      " [ 0.00000000e+00  0.00000000e+00  0.00000000e+00  1.00000000e+00]]\n",
      "[[ 0.98300554  0.09010205 -0.1599429  -0.01779944]\n",
      " [-0.0797595   0.99435613  0.0699593  -0.41625706]\n",
      " [ 0.16534368 -0.05601342  0.98464408 -6.6620227 ]\n",
      " [ 0.          0.          0.          1.        ]]\n",
      "[[ 0.98340836  0.08954019 -0.15776739 -0.02447203]\n",
      " [-0.07915759  0.9943362   0.07091971 -0.41249147]\n",
      " [ 0.163224   -0.05725455  0.98492631 -6.61253474]\n",
      " [ 0.          0.          0.          1.        ]]\n",
      "[[ 0.98484081  0.08865904 -0.14909106 -0.05001166]\n",
      " [-0.07898998  0.9944441   0.06958096 -0.39854869]\n",
      " [ 0.15443171 -0.05674947  0.98637232 -6.41707611]\n",
      " [ 0.          0.          0.          1.        ]]\n",
      "[[ 0.98523931  0.08835598 -0.14661761 -0.05607616]\n",
      " [-0.07895169  0.99450304  0.06877741 -0.39495238]\n",
      " [ 0.15188855 -0.0561865   0.98679934 -6.36837645]\n",
      " [ 0.          0.          0.          1.        ]]\n",
      "[[ 0.98622237  0.08659871 -0.14094716 -0.067464  ]\n",
      " [-0.07752502  0.99462396  0.06865158 -0.38739329]\n",
      " [ 0.14613456 -0.05677879  0.98763397 -6.27073676]\n",
      " [ 0.          0.          0.          1.        ]]\n",
      "[[ 0.98729066  0.0839575  -0.13493811 -0.07788142]\n",
      " [-0.07513653  0.99476973  0.06919309 -0.38056105]\n",
      " [ 0.14004162 -0.05817491  0.98843514 -6.17365359]\n",
      " [ 0.          0.          0.          1.        ]]\n",
      "[[ 0.98782446  0.0824462  -0.13192974 -0.08288779]\n",
      " [-0.07386687  0.99490172  0.06866048 -0.37710317]\n",
      " [ 0.13691792 -0.05807927  0.9888783  -6.12512137]\n",
      " [ 0.          0.          0.          1.        ]]\n",
      "[[ 0.98944081  0.08147322 -0.11987075 -0.10209526]\n",
      " [-0.07377304  0.99499914  0.06733691 -0.36292915]\n",
      " [ 0.12475745 -0.05778265  0.99050328 -5.93122889]\n",
      " [ 0.          0.          0.          1.        ]]\n",
      "[[ 0.98974531  0.08205945 -0.11692081 -0.10623952]\n",
      " [-0.07420326  0.9947807   0.0700374  -0.35904667]\n",
      " [ 0.12205779 -0.06064328  0.99066861 -5.88251671]\n",
      " [ 0.          0.          0.          1.        ]]\n",
      "[[ 0.99032588  0.0836413  -0.11071941 -0.11494169]\n",
      " [-0.07536282  0.99418191  0.07695957 -0.35106849]\n",
      " [ 0.11651223 -0.06787093  0.99086752 -5.78507651]\n",
      " [ 0.          0.          0.          1.        ]]\n",
      "[[ 0.99092871  0.08434994 -0.1046202  -0.12289484]\n",
      " [-0.07616424  0.9938874   0.07991776 -0.34327858]\n",
      " [ 0.11072176 -0.07122448  0.991296   -5.68795834]\n",
      " [ 0.          0.          0.          1.        ]]\n",
      "[[ 0.99123963  0.08452289 -0.10148828 -0.12655014]\n",
      " [-0.07659296  0.99387613  0.07964765 -0.33922437]\n",
      " [ 0.10759883 -0.07117662  0.99164327 -5.63945203]\n",
      " [ 0.          0.          0.          1.        ]]\n",
      "[[ 0.99249617  0.08343288 -0.08938854 -0.13975356]\n",
      " [-0.07637721  0.99389303  0.07964405 -0.32251284]\n",
      " [ 0.09548758 -0.07221917  0.99280739 -5.44545372]\n",
      " [ 0.          0.          0.          1.        ]]\n",
      "[[ 0.99263789  0.08480101 -0.08648009 -0.142972  ]\n",
      " [-0.07786688  0.99369785  0.08063088 -0.3182913 ]\n",
      " [ 0.09277266 -0.07330333  0.99298533 -5.39666534]\n",
      " [ 0.          0.          0.          1.        ]]\n",
      "[[ 0.99317188  0.08405322 -0.08089915 -0.14828862]\n",
      " [-0.07730191  0.99352585  0.0832514  -0.30970822]\n",
      " [ 0.08737294 -0.07642929  0.99323941 -5.29896722]\n",
      " [ 0.          0.          0.          1.        ]]\n",
      "[[ 0.99362913  0.08359373 -0.07558591 -0.15310302]\n",
      " [-0.07712904  0.9934131   0.08474389 -0.30113684]\n",
      " [ 0.0821721  -0.07837413  0.9935317  -5.20083264]\n",
      " [ 0.          0.          0.          1.        ]]\n",
      "[[ 0.99371073  0.08508413 -0.07279885 -0.15571659]\n",
      " [-0.07878197  0.9932225   0.08545444 -0.29681832]\n",
      " [ 0.07957627 -0.07918176  0.99367895 -5.15191206]\n",
      " [ 0.          0.          0.          1.        ]]\n",
      "[[ 0.99455162  0.08441494 -0.06116526 -0.16375285]\n",
      " [-0.07826844  0.99222793  0.09673563 -0.27767441]\n",
      " [ 0.06885582 -0.09142127  0.99342892 -4.95430081]\n",
      " [ 0.          0.          0.          1.        ]]\n",
      "[[ 0.99462784  0.08535891 -0.05856044 -0.16581417]\n",
      " [-0.07925569  0.991863    0.09963095 -0.27268756]\n",
      " [ 0.06658832 -0.09445447  0.99329973 -4.90489925]\n",
      " [ 0.          0.          0.          1.        ]]\n",
      "[[ 0.99457096  0.08939454 -0.05326558 -0.1698392 ]\n",
      " [-0.08363247  0.99125943  0.10203117 -0.26278522]\n",
      " [ 0.06192104 -0.09702251  0.99335413 -4.80648401]\n",
      " [ 0.          0.          0.          1.        ]]\n",
      "[[ 0.99479676  0.08966508 -0.0483692  -0.1721648 ]\n",
      " [-0.08446167  0.99133535  0.10060045 -0.25174377]\n",
      " [ 0.05697044 -0.09599166  0.99375046 -4.706691  ]\n",
      " [ 0.          0.          0.          1.        ]]\n",
      "[[ 0.99481568  0.09068205 -0.0460275  -0.1735011 ]\n",
      " [-0.08570587  0.99123828  0.10050464 -0.24646874]\n",
      " [ 0.05473819 -0.09603876  0.99387136 -4.65693765]\n",
      " [ 0.          0.          0.          1.        ]]\n",
      "[[ 0.99486833  0.09473824 -0.03552009 -0.17722114]\n",
      " [-0.09103649  0.99136836  0.09434583 -0.2260608 ]\n",
      " [ 0.04415165 -0.09062805  0.99490562 -4.45729293]\n",
      " [ 0.          0.          0.          1.        ]]\n",
      "[[ 0.99515505  0.09254637 -0.03319019 -0.17738048]\n",
      " [-0.08928074  0.9920093   0.08914316 -0.22176167]\n",
      " [ 0.04117486 -0.08574802  0.99546567 -4.40737924]\n",
      " [ 0.          0.          0.          1.        ]]\n",
      "[[ 0.99583205  0.08654239 -0.02879121 -0.17711241]\n",
      " [-0.08411526  0.99348475  0.07689397 -0.21358664]\n",
      " [ 0.03525821 -0.0741517   0.99662349 -4.30767522]\n",
      " [ 0.          0.          0.          1.        ]]\n",
      "[[ 0.99647336  0.08080768 -0.02260445 -0.1761041 ]\n",
      " [-0.07899881  0.99427879  0.07189495 -0.20528592]\n",
      " [ 0.02828479 -0.06985568  0.99715603 -4.20673168]\n",
      " [ 0.          0.          0.          1.        ]]\n",
      "[[ 0.9965848   0.0802038  -0.019649   -0.17562229]\n",
      " [-0.07857868  0.99424173  0.07286139 -0.20097453]\n",
      " [ 0.02537962 -0.07106856  0.9971485  -4.15559594]\n",
      " [ 0.          0.          0.          1.        ]]\n",
      "[[ 0.9972615   0.07339161 -0.00911935 -0.17203397]\n",
      " [-0.07244473  0.99422809  0.0791345  -0.18434778]\n",
      " [ 0.01487452 -0.07825714  0.99682224 -3.95068174]\n",
      " [ 0.          0.          0.          1.        ]]\n",
      "[[ 0.99727594  0.07340817 -0.00720686 -0.17069087]\n",
      " [-0.07263318  0.99434882  0.07742642 -0.18061888]\n",
      " [ 0.01284986 -0.07669205  0.99697202 -3.89976761]\n",
      " [ 0.          0.          0.          1.        ]]\n",
      "[[ 9.97305380e-01  7.33257112e-02 -2.30628679e-03 -1.68389120e-01]\n",
      " [-7.29637805e-02  9.94672964e-01  7.28147086e-02 -1.72708048e-01]\n",
      " [ 7.63319141e-03 -7.24502252e-02  9.97342819e-01 -3.79724049e+00]\n",
      " [ 0.00000000e+00  0.00000000e+00  0.00000000e+00  1.00000000e+00]]\n",
      "[[ 9.97202562e-01  7.47230770e-02  1.87419975e-03 -1.65746440e-01]\n",
      " [-7.46693539e-02  9.94719631e-01  7.04083985e-02 -1.65254240e-01]\n",
      " [ 3.39682889e-03 -7.03513806e-02  9.97516488e-01 -3.69393245e+00]\n",
      " [ 0.00000000e+00  0.00000000e+00  0.00000000e+00  1.00000000e+00]]\n",
      "[[ 9.97119158e-01  7.57637488e-02  3.63856696e-03 -1.64417607e-01]\n",
      " [-7.58337416e-02  9.94718413e-01  6.91702437e-02 -1.61699521e-01]\n",
      " [ 1.62124742e-03 -6.92469013e-02  9.97598235e-01 -3.64267916e+00]\n",
      " [ 0.00000000e+00  0.00000000e+00  0.00000000e+00  1.00000000e+00]]\n",
      "[[ 0.99684496  0.07879656  0.00955105 -0.15930478]\n",
      " [-0.07923597  0.99496485  0.06137264 -0.14792395]\n",
      " [-0.00466701 -0.06193579  0.99806922 -3.43565143]\n",
      " [ 0.          0.          0.          1.        ]]\n",
      "[[ 0.99664059  0.08115608  0.01101055 -0.15840169]\n",
      " [-0.0816641   0.9949408   0.05851311 -0.14462162]\n",
      " [-0.00620615 -0.05921571  0.99822592 -3.38414446]\n",
      " [ 0.          0.          0.          1.        ]]\n",
      "[[ 0.99645072  0.08315891  0.01305999 -0.15500992]\n",
      " [-0.08373416  0.99510706  0.05244544 -0.13844089]\n",
      " [-0.00863479 -0.05335286  0.99853839 -3.27952455]\n",
      " [ 0.          0.          0.          1.        ]]\n",
      "[[ 0.99641103  0.08329184  0.0150838  -0.15111143]\n",
      " [-0.08392986  0.99530179  0.04827144 -0.13232677]\n",
      " [-0.01099231 -0.04936417  0.99872036 -3.17430995]\n",
      " [ 0.          0.          0.          1.        ]]\n",
      "[[ 0.99628305  0.08460863  0.01616974 -0.14917103]\n",
      " [-0.08526983  0.99530116  0.04587658 -0.12941252]\n",
      " [-0.0122122  -0.04708485  0.99881624 -3.12192461]\n",
      " [ 0.          0.          0.          1.        ]]\n",
      "[[ 0.99577145  0.08954467  0.02051782 -0.14170297]\n",
      " [-0.09025966  0.99522808  0.03707117 -0.11963187]\n",
      " [-0.01710039 -0.03876634  0.99910197 -2.91032986]\n",
      " [ 0.          0.          0.          1.        ]]\n",
      "[[ 0.99574751  0.08969063  0.02103529 -0.13928266]\n",
      " [-0.09040539  0.99525681  0.03592704 -0.11731061]\n",
      " [-0.0177132  -0.03767596  0.99913301 -2.85731936]\n",
      " [ 0.          0.          0.          1.        ]]\n",
      "[[ 0.99557591  0.09088263  0.02385276 -0.13050231]\n",
      " [-0.09173446  0.99507916  0.03744656 -0.10815406]\n",
      " [-0.02033215 -0.03946902  0.99901391 -2.64527735]\n",
      " [ 0.          0.          0.          1.        ]]\n",
      "[[ 0.995502    0.09167527  0.02390407 -0.12839728]\n",
      " [-0.09252918  0.99500475  0.03746854 -0.10614457]\n",
      " [-0.02034972 -0.03951183  0.99901186 -2.59251206]\n",
      " [ 0.          0.          0.          1.        ]]\n",
      "[[ 0.99521729  0.09485359  0.02335265 -0.12065819]\n",
      " [-0.095695    0.99468421  0.03802361 -0.09734406]\n",
      " [-0.01962184 -0.04007648  0.99900393 -2.38266638]\n",
      " [ 0.          0.          0.          1.        ]]\n",
      "[[ 0.99546357  0.09222695  0.02337673 -0.11830618]\n",
      " [-0.09312215  0.99482492  0.04064051 -0.09493024]\n",
      " [-0.0195076  -0.04263304  0.99890033 -2.32995019]\n",
      " [ 0.          0.          0.          1.        ]]\n",
      "[[ 0.99586459  0.0877281   0.02361155 -0.11363233]\n",
      " [-0.08877665  0.9949043   0.04779267 -0.0899008 ]\n",
      " [-0.01929847 -0.04969118  0.99857817 -2.22608889]\n",
      " [ 0.          0.          0.          1.        ]]\n",
      "[[ 0.9959567   0.08680543  0.02313158 -0.10950194]\n",
      " [-0.08789154  0.99482267  0.05101894 -0.08522245]\n",
      " [-0.0185831  -0.05284572  0.99842977 -2.12454766]\n",
      " [ 0.          0.          0.          1.        ]]\n",
      "[[ 0.99581184  0.08857718  0.02264625 -0.10784884]\n",
      " [-0.08961027  0.99474012  0.04961941 -0.08289563]\n",
      " [-0.01813199 -0.05144093  0.99851142 -2.07441653]\n",
      " [ 0.          0.          0.          1.        ]]\n",
      "[[ 0.99643211  0.082032    0.01984461 -0.09988488]\n",
      " [-0.08285705  0.99553967  0.04511623 -0.07448045]\n",
      " [-0.01605513 -0.04659952  0.99878462 -1.88049851]\n",
      " [ 0.          0.          0.          1.        ]]\n",
      "[[ 0.99652227  0.08083586  0.02022191 -0.097916  ]\n",
      " [-0.0817231   0.99550955  0.04777097 -0.07221263]\n",
      " [-0.0162695  -0.04925743  0.9986536  -1.83346   ]\n",
      " [ 0.          0.          0.          1.        ]]\n",
      "[[ 0.99649456  0.08081284  0.02163056 -0.09417115]\n",
      " [-0.08187202  0.99519846  0.0536376  -0.06746971]\n",
      " [-0.01719209 -0.05522051  0.99832616 -1.74069662]\n",
      " [ 0.          0.          0.          1.        ]]\n",
      "[[ 0.99634794  0.08238317  0.02244533 -0.09133247]\n",
      " [-0.08355726  0.99483215  0.05768164 -0.06300831]\n",
      " [-0.01757734 -0.05934645  0.99808268 -1.65099999]\n",
      " [ 0.          0.          0.          1.        ]]\n",
      "[[ 0.99642678  0.08148368  0.02222774 -0.0895506 ]\n",
      " [-0.08265232  0.99488743  0.05803107 -0.06088645]\n",
      " [-0.01738552 -0.05966088  0.99806729 -1.60756179]\n",
      " [ 0.          0.          0.          1.        ]]\n",
      "[[ 0.9967255   0.07782579  0.02194159 -0.08249488]\n",
      " [-0.07899314  0.99515042  0.05861499 -0.05210629]\n",
      " [-0.01727343 -0.06015629  0.9980395  -1.44094689]\n",
      " [ 0.          0.          0.          1.        ]]\n",
      "[[ 0.99669863  0.07807521  0.02227344 -0.0807908 ]\n",
      " [-0.07924935  0.99517247  0.05789031 -0.05027754]\n",
      " [-0.01764612 -0.05946435  0.99807445 -1.4011626 ]\n",
      " [ 0.          0.          0.          1.        ]]\n",
      "[[ 0.99651911  0.08027732  0.02247687 -0.07828568]\n",
      " [-0.0814101   0.99515721  0.05508653 -0.04655711]\n",
      " [-0.01794582 -0.05672463  0.99822856 -1.32453082]\n",
      " [ 0.          0.          0.          1.        ]]\n",
      "[[ 0.99641033  0.0817103   0.0221332  -0.07548079]\n",
      " [-0.08279833  0.99511501  0.05376379 -0.04263382]\n",
      " [-0.01763203 -0.05540339  0.99830836 -1.25035528]\n",
      " [ 0.          0.          0.          1.        ]]\n",
      "[[ 0.99633788  0.08259489  0.02211148 -0.07412298]\n",
      " [-0.08367711  0.9950521   0.05356726 -0.04099854]\n",
      " [-0.0175777  -0.05522132  0.9983194  -1.21452195]\n",
      " [ 0.          0.          0.          1.        ]]\n",
      "[[ 0.99648706  0.08072757  0.02228471 -0.06825145]\n",
      " [-0.08179686  0.99528215  0.05217962 -0.0345873 ]\n",
      " [-0.01796724 -0.05381914  0.99838904 -1.07813711]\n",
      " [ 0.          0.          0.          1.        ]]\n",
      "[[ 0.99649993  0.08055323  0.02233972 -0.06680574]\n",
      " [-0.08162454  0.99529966  0.05211546 -0.03330232]\n",
      " [-0.01803665 -0.05375652  0.99839116 -1.04599926]\n",
      " [ 0.          0.          0.          1.        ]]\n",
      "[[ 0.99642745  0.0813231   0.02277933 -0.0643422 ]\n",
      " [-0.08242142  0.9952218   0.05234762 -0.03009876]\n",
      " [-0.01841342 -0.05403811  0.99836908 -0.98390167]\n",
      " [ 0.          0.          0.          1.        ]]\n",
      "[[ 0.9963859   0.08176349  0.02301869 -0.06224356]\n",
      " [-0.08286824  0.99520152  0.0520269  -0.02749357]\n",
      " [-0.01865434 -0.05374639  0.99838036 -0.92525103]\n",
      " [ 0.          0.          0.          1.        ]]\n",
      "[[ 0.99646977  0.08084642  0.02262427 -0.05922733]\n",
      " [-0.081925    0.9952968   0.05169687 -0.02391356]\n",
      " [-0.01833836 -0.05336787  0.99840652 -0.84354944]\n",
      " [ 0.          0.          0.          1.        ]]\n",
      "[[ 0.99658087  0.07940758  0.02282556 -0.05711953]\n",
      " [-0.08050093  0.99540651  0.05182159 -0.02160335]\n",
      " [-0.01860569 -0.05348188  0.99839547 -0.79277127]\n",
      " [ 0.          0.          0.          1.        ]]\n",
      "[[ 0.99661918  0.07883751  0.02312686 -0.05625105]\n",
      " [-0.07994795  0.99545024  0.05183772 -0.0204406 ]\n",
      " [-0.01893488 -0.05351141  0.9983877  -0.76870628]\n",
      " [ 0.          0.          0.          1.        ]]\n",
      "[[ 0.99663935  0.07848519  0.02345363 -0.05409206]\n",
      " [-0.07961645  0.99546894  0.0519885  -0.01812348]\n",
      " [-0.01926704 -0.05368108  0.99837224 -0.72208609]\n",
      " [ 0.          0.          0.          1.        ]]\n",
      "[[ 0.99668545  0.07792711  0.02335551 -0.05231191]\n",
      " [-0.07905365  0.9955141   0.05198275 -0.01614917]\n",
      " [-0.01919988 -0.05365679  0.99837484 -0.67840713]\n",
      " [ 0.          0.          0.          1.        ]]\n",
      "[[ 0.99668613  0.0779282   0.02332298 -0.04992149]\n",
      " [-0.07903845  0.99555451  0.05122636 -0.01335707]\n",
      " [-0.01922732 -0.05290002  0.99841469 -0.61886444]\n",
      " [ 0.          0.          0.          1.        ]]\n",
      "[[ 0.99668483  0.07782244  0.02372809 -0.04827599]\n",
      " [-0.07893642  0.99560878  0.05032092 -0.01179512]\n",
      " [-0.01970779 -0.05202711  0.99845119 -0.58274838]\n",
      " [ 0.          0.          0.          1.        ]]\n",
      "[[ 0.99671051  0.07748028  0.02376917 -0.04751031]\n",
